입력파일의 이름을 입력하세요 : 188 강백호 01043182839
0 금바다 01097044422
691 박짱구 01031753739
776 김영미 01053105069
921
474 마이클 01090133043
794 김철수 01064913668
757
0 금바다 01097044422
681 강백호 01073981829
5 강백호 01039108238
578
0
140 금바다 01092737521
9
511 김철수 01006106909
496
911 김철수 01095067496
758 강백호 01062748855
643 박짱구 01014255247
589 조나단 01019909049
942
0 금바다 01097044422
650 금바다 01001019422
102
0
0
0
0 금바다 01097044422
757 조나단 01021473271
563 마이클 01075271669
0 금바다 01097044422
0
0
0
186
512 김영미 01016941513
0 금바다 01097044422
0
848 홍길동 01050037372
382 마이클 01032783105
943 조나단 01071385873
437 조나단 01053499374
30
221 마이클 01020435019
549 조나단 01086595797
794 김철수 01064913668
0 금바다 01097044422
0 금바다 01097044422
927 금바다 01042317682
270 김철수 01029718753
0 금바다 01097044422
363 마이클 01003335576
0
698 조나단 01096092452
55 강백호 01069231633
842 이진구 01013749357
451 박짱구 01055472375
156 마이클 01043683313
0 금바다 01097044422
0
0 금바다 01097044422
419 김영미 01035316276
760 금바다 01037234628
0
0
492 김영미 01062248918
0
0 금바다 01097044422
0 금바다 01097044422
0
715
0 금바다 01097044422
0 금바다 01097044422
904
378
947 마이클 01041257654
60
452 김영미 01054187183
250 금바다 01039750276
769 강백호 01099722399
927 금바다 01042317682
437 조나단 01053499374
2
709 김영미 01007705293
565 금바다 01055459086
0 금바다 01097044422
197
978 김영미 01011647164
589
0
0
391
932 김철수 01088231393
626
408
601 조나단 01097540896
0
412
0
0
25 강백호 01066637737
0
0 금바다 01097044422
0 금바다 01097044422
830 이진구 01081822255
715 홍길동 01097210932
0
335 이진구 01064783436
942
872
0
584 금바다 01001461184
0
0
0
0
0 금바다 01097044422
0
0
892
14
0
0 금바다 01097044422
0 금바다 01097044422
588 이진구 01040593345
0 금바다 01097044422
575
64 채소연 01007440391
0
398 강백호 01018451709
710
491
0 금바다 01097044422
0
84 강백호 01045493211
74 홍길동 01051335290
342
0
0 금바다 01097044422
0 금바다 01097044422
0
0
0
0 금바다 01097044422
830
295
632
23
0
984
668
416 조나단 01066431346
0
948
0 금바다 01097044422
0
116
0
830
115
209 마이클 01010673876
0 금바다 01097044422
180
126 박짱구 01043939178
109 채소연 01069912168
561
975 김철수 01093738696
911 김철수 01095067496
434 강백호 01035006812
329
924 강백호 01005193319
0
0
927 금바다 01042317682
0 금바다 01097044422
240 이진구 01044872199
629
0 금바다 01097044422
0
0 금바다 01097044422
0
0
0
0 금바다 01097044422
83
0
392 강백호 01046003215
0 금바다 01097044422
0 금바다 01097044422
36
62
599 마이클 01083975631
448 김영미 01063876645
0 금바다 01097044422
0 금바다 01097044422
0
871
749 이진구 01094941210
0
0 금바다 01097044422
377 이진구 01052620671
248 조나단 01012245495
603 홍길동 01003557717
368 금바다 01070505519
876
772 박짱구 01004459026
391
0 금바다 01097044422
140 금바다 01092737521
628 김철수 01004012674
882 채소연 01025746855
397
54 김철수 01096540696
835
758
710
685 이진구 01003978386
0
0
414
591 박짱구 01048293202
408 금바다 01033076125
0
752 채소연 01071279337
70 마이클 01015456329
963 박짱구 01087811328
0 금바다 01097044422
219
980
727
0 금바다 01097044422
578
0
941
0 금바다 01097044422
0
0
0 금바다 01097044422
0
409 박짱구 01079078300
0
516
938 채소연 01075843956
0
0
0 금바다 01097044422
295 박짱구 01087566916
0 금바다 01097044422
878 강백호 01090804334
0
0
0 금바다 01097044422
320 박짱구 01090708146
914 이진구 01042418978
0 금바다 01097044422
545 김영미 01070587868
443 박짱구 01073045197
565 금바다 01055459086
0
0 금바다 01097044422
158 금바다 01018242719
0
0 금바다 01097044422
0
164
0 금바다 01097044422
482 박짱구 01057726176
989 채소연 01033363115
0 금바다 01097044422
764 채소연 01063398333
95 박짱구 01004633661
0
764
325 김영미 01054195562
775 강백호 01018638600
221
38 금바다 01086595585
209
0 금바다 01097044422
498
740
721
0
591 박짱구 01048293202
0 금바다 01097044422
0
0 금바다 01097044422
201
0 금바다 01097044422
0
0 금바다 01097044422
783 조나단 01092113929
0 금바다 01097044422
0
0
0 금바다 01097044422
0 금바다 01097044422
0 금바다 01097044422
273 홍길동 01048661448
9 홍길동 01009966007
0
933
139 채소연 01077930422
858
591 박짱구 01048293202
0 금바다 01097044422
197
0 금바다 01097044422
0 금바다 01097044422
325 김영미 01054195562
470 금바다 01001211505
197
515 금바다 01030966283
0 금바다 01097044422
0
0 금바다 01097044422
0
0
699
528 마이클 01080997020
0
0
388 이진구 01079478510
0 금바다 01097044422
0 금바다 01097044422
712
0
506
0
918 채소연 01092207858
0
0 금바다 01097044422
655
0 금바다 01097044422
975 김철수 01093738696
862 이진구 01096062298
0 금바다 01097044422
0
501
0 금바다 01097044422
515 금바다 01030966283
0 금바다 01097044422
472
0
0
0 금바다 01097044422
0
0
0
229
346 강백호 01001763624
0 금바다 01097044422
146 홍길동 01011455963
632 채소연 01057758120
0
323
0 금바다 01097044422
688
0
0
0 금바다 01097044422
0
0
0
0
864
0 금바다 01097044422
0 금바다 01097044422
0
309
0
0
0
126
974 마이클 01018055943
506 이진구 01073190636
955 마이클 01089154929
701 강백호 01012618750
975 김철수 01093738696
0 금바다 01097044422
848
735
0
0 금바다 01097044422
915 마이클 01036121031
873
0 금바다 01097044422
0 금바다 01097044422
0
946
320
164
930
0
0 금바다 01097044422
0
201
0 금바다 01097044422
418
0
0
0
935
0 금바다 01097044422
0 금바다 01097044422
0 금바다 01097044422
0
201 박짱구 01015141338
524
190 이진구 01043356318
0
0
0 금바다 01097044422
0 금바다 01097044422
0 금바다 01097044422
0 금바다 01097044422
120
0
0
541
0
0
76
921
0 금바다 01097044422
0
546
0
642 채소연 01010110040
0
0
0 금바다 01097044422
285
0
15
897
0
0 금바다 01097044422
0
0 금바다 01097044422
897 채소연 01053051059
477 강백호 01035275407
209
731
0
839 홍길동 01000186537
0
0 금바다 01097044422
164 김철수 01037005696
509 강백호 01002015323
553
0
0
0
0
609 강백호 01086966804
524 김철수 01066460049
0
799 금바다 01063873911
0 금바다 01097044422
0
305 홍길동 01097560835
0 금바다 01097044422
0 금바다 01097044422
170 김철수 01080842844
0 금바다 01097044422
965 강백호 01042043090
32
0 금바다 01097044422
0 금바다 01097044422
0
0 금바다 01097044422
0
0
320
0 금바다 01097044422
0
0
482
0
718 홍길동 01043848884
0 금바다 01097044422
219 김영미 01057108392
0
767
567 금바다 01005545586
0 금바다 01097044422
840 채소연 01057267094
854 채소연 01013331275
349
0 금바다 01097044422
0 금바다 01097044422
0 금바다 01097044422
0
0
0 금바다 01097044422
0
0 금바다 01097044422
0
0 금바다 01097044422
408
0
0
0 금바다 01097044422
0
0
0
848
946
0 금바다 01097044422
6 채소연 01063923062
645
977 홍길동 01083170244
184 이진구 01088745042
0
0 금바다 01097044422
204 김철수 01014327349
0
0 금바다 01097044422
658 금바다 01082632037
0
901 채소연 01039632094
0 금바다 01097044422
0
0
0
0
0
0
0 금바다 01097044422
29 김영미 01013476839
0
541
0
0
0 금바다 01097044422
0
53 박짱구 01099268376
0
158 금바다 01018242719
0 금바다 01097044422
0
0 금바다 01097044422
714 이진구 01031124538
637 박짱구 01000105351
565 금바다 01055459086
498 금바다 01027118337
190 이진구 01043356318
903 채소연 01071582399
0
0
0
0
0
0 금바다 01097044422
0
643
0 금바다 01097044422
863
401 박짱구 01004113738
0 금바다 01097044422
0 금바다 01097044422
0 금바다 01097044422
552
915 마이클 01036121031
943
634 홍길동 01082547349
0 금바다 01097044422
0
884
0
0 금바다 01097044422
0 금바다 01097044422
0
454 채소연 01071202909
121 김영미 01041546257
0 금바다 01097044422
0 금바다 01097044422
308 홍길동 01035760058
0
505 마이클 01061993148
584
0
0 금바다 01097044422
0 금바다 01097044422
0 금바다 01097044422
0
550
0
643 박짱구 01014255247
0 금바다 01097044422
0 금바다 01097044422
0 금바다 01097044422
0 금바다 01097044422
76 박짱구 01060057690
0
0 금바다 01097044422
702 김철수 01084824368
0 금바다 01097044422
0
0
190 이진구 01043356318
0
0 금바다 01097044422
0 금바다 01097044422
261 김철수 01043795958
527 채소연 01091986783
0
116 이진구 01070890394
0
0 금바다 01097044422
0 금바다 01097044422
904 이진구 01098234224
22 김철수 01069335683
0 금바다 01097044422
0
343 김영미 01097444126
0 금바다 01097044422
0 금바다 01097044422
0 금바다 01097044422
0 금바다 01097044422
992 박짱구 01080414090
343 김영미 01097444126
0
0
0
0 금바다 01097044422
706
745 조나단 01025796610
219
0
0 금바다 01097044422
642
0
0 금바다 01097044422
0
359 박짱구 01061889192
0 금바다 01097044422
0 금바다 01097044422
0
0 금바다 01097044422
0
0
0 금바다 01097044422
0
774 이진구 01028324353
0 금바다 01097044422
802 채소연 01064611970
461 금바다 01021142194
219
0 금바다 01097044422
0 금바다 01097044422
0
15 금바다 01060314405
0
0
0
0
0 금바다 01097044422
421
0 금바다 01097044422
0 금바다 01097044422
0
0 금바다 01097044422
461 금바다 01021142194
0 금바다 01097044422
0 금바다 01097044422
0
336 이진구 01047575680
0
0
0
0
524
0
0 금바다 01097044422
293
311
0 금바다 01097044422
68 이진구 01083302975
156
0 금바다 01097044422
0 금바다 01097044422
714
0
0 금바다 01097044422
0 금바다 01097044422
0
922 금바다 01046796302
197 이진구 01027024596
0 금바다 01097044422
0 금바다 01097044422
0
0 금바다 01097044422
0 금바다 01097044422
0
167 홍길동 01036522134
413
0
546
0 금바다 01097044422
0 금바다 01097044422
0
0
0
0 금바다 01097044422
819
262 박짱구 01074804064
0 금바다 01097044422
0
855
315 마이클 01023935802
0
906
0
729
791 마이클 01020336326
0 금바다 01097044422
0
0
0
0 금바다 01097044422
0
0 금바다 01097044422
0 금바다 01097044422
0 금바다 01097044422
670 금바다 01018202650
699 마이클 01033668066
647 김철수 01087079464
0 금바다 01097044422
0 금바다 01097044422
915
909 금바다 01047974116
0 금바다 01097044422
0
216 채소연 01088987896
0
0 금바다 01097044422
0 금바다 01097044422
351
647
451
0 금바다 01097044422
135
0
324 조나단 01040616192
0
929
702
0 금바다 01097044422
0
0
0 금바다 01097044422
384 마이클 01077155681
0
0
351 홍길동 01001957133
0
0 금바다 01097044422
0 금바다 01097044422
0
0
12
0
419
0
0 금바다 01097044422
537 홍길동 01017045647
830 이진구 01081822255
306
964 조나단 01008146329
89
0 금바다 01097044422
303
0
337 이진구 01068441625
0
0 금바다 01097044422
714 이진구 01031124538
655
140
694 조나단 01043949937
0
943 조나단 01071385873
0
0 금바다 01097044422
432
495
0 금바다 01097044422
0
194 김영미 01095307085
473 김철수 01019990386
0 금바다 01097044422
0 금바다 01097044422
0
0 금바다 01097044422
813 박짱구 01035958067
925 김철수 01096835219
0
0
0
0
0 금바다 01097044422
311 채소연 01043971929
0 금바다 01097044422
0 금바다 01097044422
888 조나단 01044500998
0
0 금바다 01097044422
54
578 김철수 01049575104
955 마이클 01089154929
0
0
536
0 금바다 01097044422
755 이진구 01040686255
0 금바다 01097044422
0
30
285 강백호 01043771759
882
0
774 이진구 01028324353
0
517 김철수 01037277324
0 금바다 01097044422
813
0
0 금바다 01097044422
791 마이클 01020336326
413
744 채소연 01055923122
0 금바다 01097044422
589 조나단 01019909049
650
385
0
157
0 금바다 01097044422
0
787
0
0
309
0
345 조나단 01036947326
0
0 금바다 01097044422
0 금바다 01097044422
0
963 박짱구 01087811328
353 홍길동 01016632385
0
0
655 강백호 01002393925
0
0
0
614
89 김철수 01017525816
0 금바다 01097044422
0
0 금바다 01097044422
738
947 마이클 01041257654
418
0
0 금바다 01097044422
0 금바다 01097044422
0 금바다 01097044422
0
0 금바다 01097044422
45
60
0
36 조나단 01057042188
0 금바다 01097044422
0
0 금바다 01097044422
0 금바다 01097044422
0 금바다 01097044422
0
64 채소연 01007440391
0
0
0 금바다 01097044422
906
727
0
0
0 금바다 01097044422
0
0 금바다 01097044422
0
729 김영미 01098110984
345 조나단 01036947326
0 금바다 01097044422
68
0
0
22
0 금바다 01097044422
634
726 홍길동 01035153872
0
0
0
0 금바다 01097044422
675 채소연 01002693575
0 금바다 01097044422
0 금바다 01097044422
0
0
0 금바다 01097044422
441 조나단 01028081524
755 이진구 01040686255
309
732 강백호 01087256597
0
221 마이클 01020435019
0
184
0 금바다 01097044422
0
0 금바다 01097044422
628
0 금바다 01097044422
335 이진구 01064783436
0
0
0
0
360 강백호 01037988912
0 금바다 01097044422
0 금바다 01097044422
0 금바다 01097044422
0 금바다 01097044422
181 김영미 01098282074
0 금바다 01097044422
0 금바다 01097044422
625 홍길동 01015062556
0
142
921 김철수 01056445157
401 박짱구 01004113738
0 금바다 01097044422
0 금바다 01097044422
0 금바다 01097044422
0
0
546
0
0
0
0
829 조나단 01064207829
0 금바다 01097044422
0 금바다 01097044422
0 금바다 01097044422
625 홍길동 01015062556
0
0
0
719
0 금바다 01097044422
432 채소연 01046052484
0
0
0
0 금바다 01097044422
366 마이클 01010353151
0
0 금바다 01097044422
262 박짱구 01074804064
0
0
0 금바다 01097044422
121 김영미 01041546257
0
0
150
0 금바다 01097044422
24 홍길동 01087942734
0
0 금바다 01097044422
0 금바다 01097044422
0 금바다 01097044422
711 김철수 01068721852
726 홍길동 01035153872
0
0
0 금바다 01097044422
0 금바다 01097044422
0
0
0 금바다 01097044422
516 홍길동 01009848201
396
